0.0 0.0 0.0 0.0 0.0 0.0 0.0 0.0 0.0 0.0 0.0 0.0 0.0 2.0 1.0 0.0 0.0 0.0 0.0 0.0 0.0 0.0 0.0 0.0 0.0 0.0 0.0 0.0 
0.0 0.0 0.0 0.0 0.0 0.0 2.0 5.0 10.0 16.0 30.0 37.0 39.0 40.0 49.0 38.0 48.0 36.0 24.0 17.0 13.0 4.0 3.0 1.0 0.0 0.0 0.0 0.0 
0.0 0.0 0.0 0.0 2.0 0.0 9.0 32.0 61.0 116.0 203.0 302.0 435.0 588.0 790.0 872.0 883.0 801.0 680.0 474.0 282.0 144.0 68.0 20.0 9.0 2.0 0.0 0.0 
0.0 0.0 1.0 0.0 0.0 14.0 46.0 117.0 252.0 513.0 857.0 1286.0 1751.0 2314.0 2856.0 3149.0 3153.0 2829.0 2282.0 1614.0 987.0 519.0 226.0 92.0 38.0 5.0 0.0 0.0 
0.0 0.0 1.0 0.0 12.0 82.0 209.0 545.0 1060.0 1909.0 3125.0 4606.0 6440.0 8479.0 10136.0 10944.0 10702.0 9362.0 7442.0 5399.0 3454.0 1962.0 1029.0 480.0 191.0 43.0 8.0 0.0 
0.0 0.0 0.0 10.0 74.0 313.0 787.0 1634.0 3018.0 4937.0 7412.0 10493.0 14104.0 17814.0 20697.0 22000.0 21555.0 19292.0 15826.0 11807.0 8094.0 4952.0 2805.0 1491.0 660.0 173.0 28.0 0.0 
0.0 0.0 3.0 43.0 247.0 721.0 1669.0 3285.0 5600.0 8763.0 12545.0 16883.0 21344.0 25600.0 28696.0 30040.0 29383.0 26943.0 23093.0 17870.0 12793.0 8238.0 4870.0 2599.0 1218.0 423.0 87.0 6.0 
0.0 3.0 17.0 114.0 496.0 1324.0 2830.0 5229.0 8509.0 12710.0 17486.0 22472.0 26751.0 30128.0 32060.0 32665.0 32154.0 30567.0 27253.0 22469.0 16572.0 11011.0 6530.0 3533.0 1640.0 596.0 113.0 5.0 
1.0 11.0 72.0 284.0 839.0 1951.0 3899.0 6898.0 11042.0 16141.0 21526.0 25924.0 28707.0 29643.0 29571.0 29364.0 29435.0 29244.0 27950.0 24100.0 18475.0 12493.0 7462.0 3801.0 1639.0 615.0 111.0 8.0 
1.0 17.0 116.0 396.0 1025.0 2246.0 4525.0 8079.0 12870.0 18499.0 23702.0 26591.0 26496.0 24882.0 23478.0 23521.0 24704.0 26510.0 26627.0 23726.0 18299.0 12511.0 7414.0 3537.0 1341.0 430.0 77.0 3.0 
2.0 24.0 113.0 366.0 972.0 2242.0 4765.0 8683.0 14104.0 19839.0 23979.0 24740.0 22336.0 19561.0 18674.0 19914.0 22249.0 24947.0 25444.0 22517.0 17053.0 11416.0 6635.0 3087.0 1021.0 260.0 49.0 4.0 
2.0 17.0 94.0 289.0 825.0 2161.0 4852.0 9293.0 15168.0 20847.0 23664.0 22640.0 19254.0 17163.0 17895.0 20167.0 23048.0 25712.0 25294.0 21252.0 15395.0 9935.0 5949.0 2871.0 871.0 129.0 23.0 1.0 
1.0 9.0 54.0 188.0 678.0 2153.0 5245.0 10223.0 16372.0 21607.0 23464.0 21748.0 18779.0 18664.0 21198.0 24172.0 27083.0 28173.0 25655.0 20049.0 13756.0 8947.0 5500.0 2922.0 971.0 84.0 19.0 1.0 
0.0 2.0 24.0 124.0 650.0 2398.0 5954.0 11189.0 17272.0 21966.0 23207.0 21661.0 20495.0 23157.0 26610.0 29693.0 31144.0 30438.0 26071.0 19258.0 12899.0 8718.0 5592.0 3183.0 1153.0 127.0 18.0 2.0 
0.0 1.0 9.0 93.0 652.0 2790.0 6661.0 11934.0 17522.0 21635.0 22719.0 22223.0 23162.0 27782.0 31170.0 33785.0 32948.0 30829.0 25613.0 18915.0 13215.0 9123.0 5983.0 3419.0 1334.0 183.0 18.0 0.0 
0.0 1.0 7.0 109.0 768.0 3294.0 7237.0 12075.0 16983.0 20431.0 21784.0 22457.0 25103.0 29667.0 32615.0 33546.0 31616.0 29184.0 24144.0 18630.0 13855.0 9743.0 6383.0 3470.0 1320.0 245.0 34.0 2.0 
0.0 0.0 16.0 132.0 992.0 3790.0 7650.0 11782.0 15729.0 18520.0 19915.0 21307.0 24136.0 27809.0 30418.0 30600.0 28994.0 26631.0 22802.0 18360.0 14140.0 9925.0 6287.0 3329.0 1271.0 288.0 44.0 3.0 
0.0 1.0 26.0 205.0 1355.0 4269.0 7848.0 11386.0 14244.0 16376.0 17633.0 19212.0 21268.0 24295.0 26951.0 27535.0 26799.0 24871.0 22114.0 18413.0 14110.0 9642.0 5844.0 2954.0 1169.0 334.0 49.0 0.0 
0.0 1.0 33.0 344.0 1773.0 4765.0 8233.0 11419.0 13710.0 15590.0 17083.0 18201.0 19686.0 22709.0 25433.0 26747.0 26638.0 25073.0 22390.0 18298.0 13435.0 8884.0 5279.0 2612.0 1015.0 286.0 32.0 4.0 
0.0 1.0 64.0 487.0 2020.0 5127.0 8705.0 12112.0 14769.0 16947.0 18528.0 19547.0 21400.0 24131.0 26918.0 28113.0 27722.0 25760.0 22075.0 17098.0 12088.0 7671.0 4357.0 2099.0 817.0 239.0 35.0 1.0 
0.0 5.0 74.0 525.0 1982.0 4850.0 8820.0 12815.0 16404.0 19423.0 21597.0 23347.0 25404.0 28120.0 29903.0 30062.0 28361.0 24932.0 20027.0 14565.0 9627.0 5799.0 3116.0 1464.0 616.0 163.0 27.0 0.0 
0.0 3.0 63.0 412.0 1496.0 3925.0 7689.0 12250.0 16820.0 20862.0 24147.0 27026.0 29410.0 31409.0 31768.0 30108.0 26345.0 21333.0 15749.0 10766.0 6606.0 3724.0 1908.0 918.0 378.0 96.0 14.0 0.0 
0.0 0.0 41.0 236.0 867.0 2449.0 5405.0 9509.0 14551.0 19427.0 23851.0 27246.0 29577.0 30256.0 29121.0 25825.0 20983.0 15635.0 10665.0 6672.0 3897.0 2057.0 1034.0 493.0 176.0 38.0 3.0 0.0 
0.0 0.0 11.0 86.0 359.0 1089.0 2664.0 5515.0 9510.0 14073.0 18534.0 22253.0 24250.0 24058.0 21875.0 18111.0 13651.0 9399.0 5857.0 3437.0 1925.0 972.0 491.0 211.0 65.0 13.0 1.0 0.0 
0.0 0.0 2.0 26.0 113.0 342.0 921.0 2065.0 3906.0 6446.0 9182.0 11429.0 12574.0 12364.0 11067.0 8715.0 6414.0 4438.0 2765.0 1640.0 900.0 451.0 216.0 87.0 16.0 4.0 0.0 0.0 
0.0 0.0 0.0 3.0 25.0 104.0 319.0 733.0 1438.0 2339.0 3291.0 3989.0 4327.0 4232.0 3773.0 3105.0 2489.0 1827.0 1225.0 724.0 372.0 186.0 79.0 27.0 5.0 0.0 0.0 0.0 
0.0 0.0 0.0 0.0 6.0 33.0 127.0 269.0 545.0 829.0 1145.0 1407.0 1525.0 1488.0 1327.0 1036.0 818.0 616.0 396.0 240.0 126.0 52.0 14.0 3.0 0.0 0.0 0.0 0.0 
0.0 0.0 0.0 0.0 0.0 4.0 10.0 21.0 25.0 45.0 75.0 100.0 128.0 135.0 163.0 140.0 117.0 78.0 42.0 17.0 12.0 4.0 3.0 0.0 0.0 0.0 0.0 0.0 
